64

51
54 -85 -38 21 -94 39 -28 68 31 -1 81 18 35 -53 -49 -54 -84 -44 -18 -53 78 74 6 66 -69 -85 -25 -85 63 3 5 17 -30 67 90 -71 6 -37 97 90 14 31 8 -51 78 11 -53 94 68 30 94

27
-44 -48 -36 -60 -80 39 -45 83 94 60 -48 -84 28 -57 -55 86 -42 95 76 72 26 -64 74 -44 48 -79 -98

21
3 48 66 60 -99 -70 -100 -79 69 -93 56 15 67 -92 31 -5 -49 29 -18 -39 24

3
-66 -98 -53

17
-42 47 -71 -88 67 33 61 33 -55 62 63 97 35 -16 -96 -9 99

12
-49 30 -81 -45 -41 -47 16 35 -37 2 37 -38

15
47 61 -8 60 28 -75 21 -39 -78 -65 -76 -81 22 8 75

14
-41 46 -84 90 17 -77 -99 70 40 37 -66 -58 -74 -52

42
74 -90 97 34 38 74 -93 52 96 -58 28 67 64 -63 42 29 -4 -60 -3 -62 58 21 92 28 -87 -19 14 -93 7 15 12 -19 -23 -39 67 67 -65 74 19 83 68 -52

47
32 -63 -56 -87 -15 -15 11 -24 95 84 -32 -25 97 49 42 -96 -44 -43 -31 -10 34 30 -91 1 18 36 73 1 4 -79 -96 89 -42 -52 54 -5 -15 -35 71 -20 -99 -61 56 98 88 -2 -97

62
7 -28 -61 93 54 -52 -6 -28 36 -33 26 -59 -60 30 82 -50 30 36 46 -84 54 17 -52 55 57 56 6 -3 -46 9 -54 13 33 -15 6 -61 -14 53 12 -78 72 90 -85 -87 -28 97 -37 -98 -14 -91 70 92 27 71 -1 -64 27 -95 33 34 -34 80

24
99 -83 6 91 3 -41 3 -22 -69 -55 -7 -56 17 -57 -40 19 -19 -31 -58 -27 48 -87 72 84

61
78 -30 -74 96 -98 -26 96 71 80 87 -73 91 -58 5 -78 -13 50 -33 -96 45 -21 -25 -74 48 -31 -49 -51 -66 -76 85 75 54 -45 53 50 -91 -73 -2 33 59 -63 60 50 -69 -35 25 -30 67 44 -74 13 -77 -46 39 71 23 91 -80 58 67 -94

30
-27 -87 -62 75 75 -82 -74 8 29 -37 -32 -20 -53 -15 -95 17 -48 49 -4 65 72 50 -43 -5 -27 -100 -32 83 19 -74

29
44 -61 -41 19 66 -71 45 -26 58 61 -6 -62 60 31 95 -71 84 -4 25 1 -80 -25 10 -32 1 -38 36 -64 81

43
-43 25 53 16 97 -28 45 -6 -2 3 -93 93 -6 67 -24 -59 97 -88 38 -26 14 10 50 76 78 -97 -61 -34 -61 72 80 -4 -50 -14 64 99 58 9 -7 -44 65 -47 -99

28
-80 -22 -48 69 -10 42 96 56 -47 46 -15 83 1 24 -98 40 -52 82 -63 -2 -32 -99 -3 78 -37 43 -65 -72

45
88 -61 68 -82 -57 38 -39 86 -14 69 91 -68 -46 26 33 78 28 -75 -73 11 -38 -23 79 -84 75 58 -69 18 45 -41 -34 -15 -50 -66 4 -7 24 17 -69 -90 -14 -78 -58 41 49

8
-29 -23 53 -50 40 67 28 -28

56
-45 82 66 25 -21 77 91 64 79 -75 -80 -75 50 37 -44 60 -76 -69 55 17 32 -66 40 61 39 91 2 -41 -29 74 94 -22 8 13 -97 87 -58 46 51 -78 71 72 -53 -27 -39 -45 86 -63 -14 41 6 70 27 -53 32 -33

47
-66 26 -39 60 -28 39 -80 37 -6 -93 80 -60 10 -98 63 -66 -99 -63 -4 -44 -77 33 -5 16 92 -35 -57 -61 97 10 -71 83 88 -10 -5 -87 81 15 50 -73 -26 -18 -33 85 -64 -70 -81

14
-81 15 -54 -58 -99 41 10 93 -94 54 84 -96 -84 -87

12
57 -45 -65 70 88 2 -28 -85 77 7 -66 62

64
-84 81 33 -64 -51 79 -70 -98 20 41 47 26 -5 31 -18 -37 -4 74 -80 51 -91 42 39 -37 67 6 -60 -26 40 54 -83 56 -12 50 44 37 -19 75 39 -99 16 -62 -20 63 69 62 -74 -35 -12 -53 68 -3 41 -41 13 8 65 53 82 -43 -40 52 65 48

39
10 -15 36 -15 76 37 53 -86 -83 -32 35 32 -6 -100 -80 -7 68 -30 -65 -73 83 43 44 -12 -22 -99 48 -70 66 -4 -64 -72 33 72 -35 -39 -38 -82 -25

40
-14 62 63 33 62 36 78 -18 58 65 -39 -7 -39 -95 81 39 58 -18 21 25 30 57 5 -84 30 71 -23 92 41 5 -77 80 -33 39 13 82 -73 -57 -36 85

42
26 -22 -30 -17 -89 -91 -58 -55 -18 19 76 -61 -76 44 21 95 -79 -35 -11 -22 -11 -31 46 80 34 -20 -93 77 44 92 86 -78 -78 -92 6 -67 -83 48 -21 -1 -33 -93

28
-57 51 -88 -61 24 -22 -20 -97 19 49 1 -1 -65 81 -42 -88 -23 -50 51 0 -76 59 58 -91 29 6 -60 80

30
-53 -29 68 50 -64 59 -73 14 -61 82 85 40 -17 -64 75 -84 -6 40 -55 -4 -57 45 20 54 -45 29 -65 61 70 -84

55
69 -61 59 -28 -25 18 -1 41 10 -19 26 -50 16 62 78 -16 -92 -30 29 4 -35 -73 -76 -81 -18 6 -93 96 -24 -77 -66 97 -86 93 -31 -58 -36 68 83 74 -99 -38 76 -31 76 54 53 85 76 -17 -11 -59 10 -34 -87

25
72 -80 40 -100 95 75 97 -91 20 -33 -49 84 87 87 58 89 -51 35 -42 77 -59 -88 62 70 -53

29
-89 9 -30 76 -47 94 96 94 94 91 69 91 53 -11 -90 -96 -26 98 91 84 87 92 -29 97 70 -35 -91 -16 -65

1
-12

15
17 10 75 71 4 71 65 -2 15 -14 -58 -32 75 -48 -76

42
-50 -84 38 89 60 -91 87 30 -26 48 -85 -39 57 3 -40 -74 66 -65 97 -30 58 14 69 -75 -100 63 -7 28 -85 18 -19 -82 -14 -81 -93 -54 81 46 29 -93 -53 -4

6
-96 99 29 82 65 16

21
88 -26 -54 9 0 -53 -28 45 27 -13 -85 -92 -43 -47 80 -83 -48 61 63 81 20

3
-23 89 66

37
18 49 46 86 -19 34 -39 -21 -57 13 -22 -33 -90 -95 6 -74 66 64 -69 46 81 -17 -41 -4 -84 79 7 -7 69 -75 -26 -61 26 72 -74 59 6

24
-61 1 4 17 20 14 23 -74 -8 -59 90 24 87 23 59 98 -80 76 29 -21 -31 -50 4 -5

51
83 -33 -32 42 25 -41 81 78 15 -49 -2 -71 26 25 -26 67 15 98 6 -61 57 4 -89 33 -67 -10 55 -16 94 -98 26 29 -30 46 -28 47 57 -95 26 -28 -44 76 1 82 1 27 49 69 25 -45 60

36
11 71 20 45 -87 -73 81 59 -70 -41 -11 -48 -95 61 99 62 66 -23 86 -77 -46 -61 57 7 67 -41 -72 -56 14 88 -21 78 11 52 -25 24

52
-92 -16 -91 -33 73 -87 -28 -14 65 86 -48 -58 24 -73 -52 63 37 8 30 96 36 75 -38 25 -94 -60 88 58 -33 13 38 -25 49 -1 42 -26 13 66 60 -70 4 64 -76 -72 44 -27 92 -19 81 -26 -23 -31

26
39 94 -92 32 83 66 99 -52 -44 -25 49 56 69 -77 -79 36 83 -97 -60 47 -73 -79 -9 0 -87 24

2
-61 53

56
-59 -7 -51 -51 77 84 67 28 84 -76 55 33 32 25 56 5 -87 -9 8 -47 -61 35 -26 -18 88 -61 59 73 -21 12 -24 -28 57 -22 21 34 -86 -60 -85 99 -36 70 32 48 -53 -59 -47 -40 32 61 -34 23 -3 -8 58 -63

53
17 -90 15 -71 -61 87 39 17 -40 -75 31 0 -60 -18 17 63 -85 -35 -90 -92 19 -77 40 -68 -11 -36 -19 81 74 18 -35 -9 29 80 -28 68 67 -89 -63 -73 -63 68 -20 -71 -49 97 92 -82 -38 55 -74 33 78

55
66 -33 34 -53 -100 8 18 -34 51 99 98 -76 67 18 87 -96 -3 76 24 77 -94 27 74 50 -3 89 5 23 22 -65 94 -60 -46 28 -60 -45 -63 58 -27 40 57 -29 16 -24 89 4 -68 -13 -68 8 -36 90 -64 91 41

38
80 98 -91 -46 86 55 -5 -60 -17 -13 -5 -28 97 68 -87 54 -60 -19 82 81 85 66 -32 70 -26 -15 60 -38 -72 -47 48 60 -48 9 -86 -62 -84 -39

15
-1 48 26 24 45 -6 -11 -49 -14 70 85 -32 8 3 -12

15
78 73 -62 92 -99 -8 -8 61 -4 53 28 -14 69 41 64

6
-58 -58 45 39 37 -66

16
-77 56 28 -9 -36 -68 32 42 62 5 33 6 -41 -75 51 72

10
4 0 59 -74 -58 -25 -53 -16 18 44

32
-45 30 66 -70 -14 -53 -26 3 -21 -94 -55 93 -37 30 -49 22 7 -98 -5 80 -41 95 39 -15 89 -85 -16 -27 -15 -72 -51 -8

39
67 22 48 -86 48 -49 -55 54 -51 -62 -82 79 -10 -8 -13 -56 87 -33 3 35 59 88 24 26 -76 50 -89 -96 51 -45 14 18 77 -37 33 26 -34 78 -68

60
69 -98 -53 -89 -5 34 -45 -18 53 59 -83 -36 -1 -6 90 24 96 53 28 47 -92 -57 -35 38 -42 98 -84 -24 29 -52 44 -2 -49 91 -39 -2 -23 16 80 82 -25 50 -53 75 -56 89 -1 92 43 79 39 3 74 -96 -59 84 55 -43 -39 -16

3
-95 34 9

13
95 -93 -75 -37 39 -93 39 -11 -94 -34 -15 96 17

62
39 -4 68 -58 -77 73 -64 -93 -20 -7 -32 64 51 -75 -50 -88 73 97 71 50 -40 11 58 51 52 16 69 90 12 -14 -81 -97 35 88 -54 58 13 -66 65 93 27 86 9 -69 -89 11 -57 37 8 -85 -13 20 -22 97 -76 -70 14 93 72 -74 -68 92

7
67 32 -72 -23 -55 -38 94

47
41 80 -1 72 44 -90 68 -19 -30 83 68 42 -87 66 66 -57 -68 12 68 -90 44 12 -60 -37 -56 -80 40 -59 -66 34 -69 76 -33 -18 0 -89 -56 -32 -8 -34 -97 -88 -92 -84 30 27 -88

3
-61 80 73

1
-1
